xgboost 0301-0531_0801-0410
xgboost 2017_0101-2018_0410_less_1
11 0.447176528537	0.436929029956
12 0.56958264329	0.539369699451
13 0.622310882246	0.54247770043
14 0.537411449426	0.540824182611
15 0.414000223121	0.43677272213
16 0.402384721824	0.411579081144
17 0.423329844649	0.427990481448
18 0.401235642362	0.351758546148
19 0.474126078298	0.457626718596
20 0.871000288918	0.827787082369
21 0.656048580397	0.74869960649
22 0.566214029215	0.575685943214
23 0.52515431741 

ext_with_weather 0301-0531_0801-0410
ext_with_weather 0301-0531_0801-0410_1
ext_with_weather 2017_0101-2018_0410_less_1
11 0.445231744031	0.422964438994    0.438083523776
12 0.586129349615	0.540424375083    0.543805846611
13 0.644352768339	0.57841564512     0.559071764979
14 0.488263282678	0.480312106       0.469470814224
15 0.375989864638	0.448210426774    0.452514480028
16 0.381937764082	0.384829206374    0.406012494206
17 0.406635665847	0.376893368389    0.38386749315
18 0.339953732065	0.319712178625    0.325740281555
19 0.456904011911	0.437614578311    0.434321778386
20 0.865736767424	0.859329760293    0.857568580213
21 0.76071451531	0.730307511289    0.733842150071
22 0.658287533912	0.649798314065    0.697184890254

ext_with_weather_three_metric 0301-0531_0801-0410
ext_with_weather_three_metric 0301-0531_0801-0410_1
ext_with_weather_three_metric 2017_0101-2018_0410_less_1
0.455500318066	  0.446403898285	0.475544520763
0.594860083459    0.598558668834    0.576534752903
0.635448432058    0.641011979638    0.687838821144
0.518818454656    0.525609562152    0.54418582834
0.386918734654    0.384598829635    0.392109501413
0.424916479211    0.404126220385    0.401035750757
0.420719833505    0.418339730907    0.413927532195
0.356556124079    0.356607825157    0.360597525
				  0.488445544746    0.49846630229
				  0.859911172312    0.843802664933
				  0.748111262092    0.850459779515
				  0.636831150888    0.681849841519
	










score:  0.432067830485 11
score:  0.554220229344 12
score:  0.571488876036 13
score:  0.481739318254 14
score:  0.426189155328 15
score:  0.387199424699 16
score:  0.384168075508 17
score:  0.306708553815 18
score:  0.408305787692 19
score:  0.855770067406 20
score:  0.725098543506 21
score:  0.617844480744 22
score:  0.520975981784 23
score:  0.442886390967 24
score:  0.416181104531 25
score:  0.43767656799  26
score:  0.519225516584 27



0.474836029747
0.541064523109
0.516112735079
0.470041787291
0.430070435636
0.333425930625
0.382710755575
0.318704418611
0.375127486251
0.822363044805
0.672917238231
0.580019686014
0.470045423269
0.41992766274
0.375166682603
0.426592576674
0.499890759139


score:  0.438028087083
score:  0.553028819018
score:  0.566190795723
score:  0.487471320813
score:  0.428252540004
score:  0.374742349216
score:  0.387310550352
score:  0.313942577652
score:  0.408120185718
score:  0.852913479212
score:  0.711794558282
score:  0.613916681743
score:  0.521201382961
score:  0.444701935095
score:  0.410355036964
score:  0.442876724756
score:  0.526554712794





















